g=9.8;
l=1.0;
